<?xml version="1.0"?>
<opencv_storage>
<image_size>
  640 480</image_size>
<camera_matrix type_id="opencv-matrix">
  <rows>3</rows>
  <cols>3</cols>
  <dt>d</dt>
  <data>
    5.5377088044062111e+02 0. 3.2847801373029330e+02 0.
    5.5621237737744730e+02 2.3932544394043174e+02 0. 0. 1.</data></camera_matrix>
<dist_coeffs type_id="opencv-matrix">
  <rows>5</rows>
  <cols>1</cols>
  <dt>d</dt>
  <data>
    -5.4607316879361420e-02 -4.7318489870944037e-02
    2.0347130459908392e-03 4.5730453354395180e-05
    -8.4536469892306773e-02</data></dist_coeffs>
<reproj_error>3.4989304544637406e-01</reproj_error>
</opencv_storage>
